ID,country,cost,AI,MP,CG,IS,NW,HW,Sec,Alg,Bio,Math,ects,grades,sat
S VASTERA01,Sweden,839.5964586488382,0,0,0,0,0,0,0,0,0,1,23,7,7.7526485722382725
IS REYKJAV05,Iceland,1427.0715315900193,0,0,0,0,0,0,0,0,0,1,27,5,4.63186307264782
IRL CORK01,Ireland,1004.9366738248835,0,0,1,0,0,0,0,0,0,0,17,9,6.704994258631996
HKG BAPT,HongKong,1242.791827953898,0,0,0,0,0,0,1,0,0,0,15,7,7.679426768636954
CZ PRAHA10,Czech,397.4370058223176,0,0,0,0,1,0,0,0,0,0,16,6,6.549902723512612
D TUBINGE01,Germany,817.3717731365937,0,0,0,0,0,0,0,0,1,0,29,9,6.836535467909108
IS REYKJAV05,Iceland,1451.3218367279267,0,0,0,1,0,0,0,0,0,0,17,7,5.719741446629318
E BARCELO01,Spain,866.4059340772585,1,0,0,0,0,0,0,0,0,0,18,8,7.211827537280308
IRL DUBLIN27,Ireland,1028.594547601239,0,1,0,0,0,0,0,0,0,0,21,6,7.567359994414543
CZ PRAHA07,Czech,413.391531690358,0,0,0,1,0,0,0,0,0,0,16,9,8.80495745730415
E VALENCI02,Spain,805.2535653373941,0,0,0,0,0,0,0,1,0,0,16,9,6.285663469300547
E BARCELO01,Spain,843.6600643097845,0,1,0,0,0,0,0,0,0,0,17,9,8.879765152171801
F LILLE01,France,648.9453712237769,0,1,0,0,0,0,0,0,0,0,17,8,8.069692374389808
IRL CORK01,Ireland,1037.8769668995903,0,0,0,0,0,0,0,1,0,0,28,6,6.42497911401384
D DARMSTA02,Germany,870.1370687245334,0,0,0,0,0,0,0,0,0,1,25,5,5.826598634823126
EE TALLINN04,Estonia,382.606042603141,0,0,0,0,0,1,0,0,0,0,20,9,6.990810322639396
D MUNCHEN01,Germany,868.9060383249184,1,0,0,0,0,0,0,0,0,0,25,9,8.340903144655377
D KARLSRU01,Germany,958.286482459165,1,0,0,0,0,0,0,0,0,0,25,7,5.312313435658044
A KLAGENF01,Austria,844.9836814837239,0,0,0,0,1,0,0,0,0,0,21,9,5.692350839524509
TR ANKARA04,Turkey,483.3244653168498,0,0,0,0,1,0,0,0,0,0,28,8,7.241831766865804
CZ PRAHA07,Czech,387.05411145628216,0,0,0,0,0,0,0,1,0,0,18,9,8.476117311159499
I BARI05,Italy,814.8904514089704,0,0,0,0,0,0,0,0,0,1,21,7,6.4025044954710895
S LULEA01,Sweden,831.7525032827382,0,1,0,0,0,0,0,0,0,0,24,9,9.007809962262412
D BERLIN02,Germany,810.1977391810605,0,0,0,0,0,0,0,0,1,0,20,7,6.085642945861157
S MALMO01,Sweden,883.1448728404087,0,1,0,0,0,0,0,0,0,0,21,6,7.008078563675951
PL KRAKOW02,Poland,385.31133199742186,0,0,0,0,0,0,0,0,0,1,21,9,9.965414345925192
D DARMSTA02,Germany,809.9212854343839,0,0,0,0,1,0,0,0,0,0,28,5,6.9781862758489375
EE TALLINN04,Estonia,452.00643942808654,0,0,0,1,0,0,0,0,0,0,22,5,4.862376608402267
P COIMBRA01,Portugal,738.7897835484667,0,0,0,0,0,1,0,0,0,0,28,8,5.523224089544641
S VASTERA01,Sweden,915.9357133257183,0,0,0,0,1,0,0,0,0,0,19,5,7.769745397515667
S VASTERA01,Sweden,910.0137136225187,0,0,1,0,0,0,0,0,0,0,17,7,7.563126825543791
EE TALLINN04,Estonia,425.7763607200847,1,0,0,0,0,0,0,0,0,0,26,8,8.095620224446009
F PARIS001,France,592.4875212429963,0,0,0,0,0,1,0,0,0,0,27,9,8.408649795074913
D MUNCHEN01,Germany,819.0627407049498,0,0,0,1,0,0,0,0,0,0,26,9,7.4667478064881765
EE TALLINN04,Estonia,440.24128200261816,0,0,0,0,1,0,0,0,0,0,21,6,7.079973065735763
S VASTERA01,Sweden,877.265367631664,0,0,1,0,0,0,0,0,0,0,15,7,7.500535446533719
Daegu,Korea,975.1962763881113,0,0,0,0,0,0,1,0,0,0,26,8,6.826273072005011
D TUBINGE01,Germany,932.9699513115447,0,0,0,0,0,0,0,0,1,0,27,7,5.7813686550136
E BARCELO01,Spain,769.0360867786653,0,1,0,0,0,0,0,0,0,0,21,9,7.584796497668741
D TUBINGE01,Germany,829.7282065856573,0,1,0,0,0,0,0,0,0,0,25,6,7.143296200752954
B LEUVEN01,Belgium,424.0803929610115,0,0,0,1,0,0,0,0,0,0,25,7,5.860390224412538
S LULEA01,Sweden,902.9735272095988,0,0,0,0,0,1,0,0,0,0,22,5,6.191238305029276
IS REYKJAV05,Iceland,1507.008434794968,0,0,0,0,0,0,0,1,0,0,25,5,5.825233175598328
IRL DUBLIN27,Ireland,960.661794402204,0,0,0,0,0,0,0,0,0,1,19,6,7.776198043649016
D DARMSTA02,Germany,886.7623933725438,0,0,0,0,0,0,1,0,0,0,16,8,6.24913490865438
E VALENCI02,Spain,790.8633418382685,0,0,0,0,0,0,0,0,0,1,17,6,6.388250654800356
A KLAGENF01,Austria,814.9759993062733,0,0,0,0,0,0,1,0,0,0,23,5,6.889168718426621
D ERLANGE01,Germany,841.2760065908988,0,0,0,0,0,0,0,0,1,0,18,8,9.108861756458483
PL KRAKOW02,Poland,401.7462054701894,0,0,0,0,0,0,1,0,0,0,19,9,7.927964958691187
HKG BAPT,HongKong,1189.6422367937773,0,0,0,0,0,0,0,0,1,0,17,7,4.674620166551373
I ROMA01,Italy,843.2129387092822,0,0,0,0,0,0,0,1,0,0,24,5,5.881975316373228
D KARLSRU01,Germany,855.4285198309329,0,0,0,0,0,0,0,1,0,0,18,5,6.9289962256117485
NL NIJMEGE01,Netherlands,936.1327835854819,0,0,0,0,0,0,0,0,0,1,26,5,5.354002074497797
A KLAGENF01,Austria,775.6099174344831,0,0,1,0,0,0,0,0,0,0,22,8,8.63991035489629
I PADOVA01,Italy,824.7744790357658,0,0,0,0,1,0,0,0,0,0,22,7,5.72941801207381
D DARMSTA02,Germany,956.2184574623609,0,0,0,0,0,0,0,0,1,0,28,9,6.689520613482112
D ERLANGE01,Germany,811.8414199960491,0,0,0,0,1,0,0,0,0,0,22,9,8.75438017081844
EE TALLINN04,Estonia,405.1591670313071,0,0,0,0,0,0,0,1,0,0,22,8,8.465593359190262
S VASTERA01,Sweden,835.0967109688107,0,0,0,0,1,0,0,0,0,0,27,9,7.9169404077695065
A KLAGENF01,Austria,880.0354953694429,0,0,0,0,0,0,0,1,0,0,26,9,6.710531955636877
Daegu,Korea,888.2005550291602,0,1,0,0,0,0,0,0,0,0,21,9,8.066044791261792
A KLAGENF01,Austria,769.0049035882698,0,0,0,0,0,0,0,0,1,0,16,8,9.375532028851522
I ROMA01,Italy,762.7002382206413,0,0,0,0,0,1,0,0,0,0,29,8,8.070348286216795
CZ BRNO05,Czech,453.38257778607294,0,0,0,0,0,0,0,1,0,0,21,8,8.748517855544906
D TUBINGE01,Germany,819.8546592068617,0,1,0,0,0,0,0,0,0,0,26,6,7.163712523261544
NL NIJMEGE01,Netherlands,1008.2746172354721,0,0,0,0,0,0,0,0,1,0,19,8,7.634572554534295
D MUNCHEN01,Germany,869.8547377681116,0,0,0,0,0,0,0,0,1,0,21,8,6.490937446916854
IRL DUBLIN27,Ireland,1064.324307333976,0,0,0,0,0,0,0,0,1,0,15,6,7.184952454624954
A GRAZ02,Austria,806.6680390804893,0,0,0,0,0,0,0,1,0,0,16,6,5.039252771134532
IRL DUBLIN27,Ireland,1066.0798683755481,0,0,0,0,0,0,0,1,0,0,25,6,6.245082301024456
HKG BAPT,HongKong,1327.0630125630132,1,0,0,0,0,0,0,0,0,0,24,6,6.612879015111151
I BARI05,Italy,825.7111554111281,0,0,0,1,0,0,0,0,0,0,28,5,6.696231346552482
D TUBINGE01,Germany,863.419104179722,0,0,0,0,0,1,0,0,0,0,29,7,7.525641450705695
E VALENCI02,Spain,850.793651283946,0,0,0,0,0,0,0,0,0,1,19,5,5.344903797857111
D BERLIN02,Germany,902.1639819227214,0,1,0,0,0,0,0,0,0,0,26,5,6.169862191356752
I ROMA01,Italy,836.587894307347,0,0,0,0,0,0,0,0,1,0,28,7,7.443146054247272
S MALMO01,Sweden,825.7786506989104,0,0,0,0,1,0,0,0,0,0,26,8,8.850472674831357
D TUBINGE01,Germany,839.4556795298078,0,0,0,1,0,0,0,0,0,0,18,8,8.155724512348174
HKG BAPT,HongKong,1342.3197908235754,0,0,0,0,0,1,0,0,0,0,25,9,9.16855994580261
S MALMO01,Sweden,885.1102303938484,0,0,0,0,0,0,0,0,0,1,15,8,8.878543117998829
CZ PRAHA10,Czech,452.95515849850153,0,0,0,0,0,1,0,0,0,0,18,7,7.592501966382409
S MALMO01,Sweden,919.0952107549306,0,1,0,0,0,0,0,0,0,0,21,5,5.597276310404111
A KLAGENF01,Austria,867.7306001345934,0,0,0,0,0,0,0,1,0,0,24,7,6.070428894324006
IS REYKJAV05,Iceland,1636.0131830675434,0,0,0,0,0,0,1,0,0,0,24,7,7.262503746092722
P COIMBRA01,Portugal,705.4366192344243,0,0,1,0,0,0,0,0,0,0,24,6,6.274103095072716
E VALENCI02,Spain,809.3017920566748,0,0,0,0,0,0,0,0,1,0,22,9,5.446953032214666
I BARI05,Italy,916.205165354802,0,0,1,0,0,0,0,0,0,0,21,8,7.155981806587855
CZ PRAHA10,Czech,382.39497392590283,0,0,0,0,0,0,0,1,0,0,18,6,6.8458766193374885
NL NIJMEGE01,Netherlands,932.0522335909428,0,0,0,0,0,0,0,0,1,0,17,7,7.884495887501651
NL NIJMEGE01,Netherlands,928.6636424646823,0,0,1,0,0,0,0,0,0,0,23,6,6.062704549621603
D ERLANGE01,Germany,970.973341047276,0,0,0,1,0,0,0,0,0,0,28,9,7.108852547338112
D DARMSTA02,Germany,853.5788534339163,1,0,0,0,0,0,0,0,0,0,24,8,6.531780214172292
E VALENCI02,Spain,777.9999368970738,0,0,0,0,0,1,0,0,0,0,22,5,6.9681317527745215
B LEUVEN01,Belgium,453.3010293140038,0,0,0,0,0,0,0,0,0,1,29,7,5.8145189079165185
S VASTERA01,Sweden,827.3424988316066,0,0,0,0,0,0,0,0,1,0,20,6,6.534009041942763
HKG BAPT,HongKong,1242.6924697341499,0,0,0,0,0,0,0,0,1,0,28,7,7.2988398353350155
I ROMA01,Italy,825.0693276459097,0,0,1,0,0,0,0,0,0,0,29,9,8.331229895176138
D KARLSRU01,Germany,816.8202649485665,0,0,0,1,0,0,0,0,0,0,20,7,5.09554608846503
S VASTERA01,Sweden,904.885129078045,0,1,0,0,0,0,0,0,0,0,17,5,6.144264748760257
SF OULU11,Finland,808.6885527339458,0,0,0,0,0,0,1,0,0,0,27,8,6.609702291547561
I ROMA01,Italy,812.617618747091,0,0,0,0,0,0,0,1,0,0,23,5,7.244507932589929
IS REYKJAV05,Iceland,1527.611452826746,0,0,0,0,0,0,0,0,1,0,28,8,7.163787753942498
NL NIJMEGE01,Netherlands,855.2330752552032,0,1,0,0,0,0,0,0,0,0,28,8,6.780397683232056
D ERLANGE01,Germany,942.307029832695,0,0,0,0,0,0,0,0,1,0,17,8,7.62360263036535
F PARIS001,France,680.7375236696507,0,0,0,0,1,0,0,0,0,0,17,7,8.222272975328657
I ROMA01,Italy,893.2373331648407,0,0,0,0,1,0,0,0,0,0,16,6,5.668876384512187
F LILLE01,France,592.1022953758808,0,1,0,0,0,0,0,0,0,0,24,5,7.121945514409204
A GRAZ02,Austria,868.75582269904,0,0,1,0,0,0,0,0,0,0,28,9,5.287188054459072
NL NIJMEGE01,Netherlands,1006.8447618936308,0,0,0,0,0,0,0,0,1,0,24,5,7.412582530692123
D DARMSTA02,Germany,936.376627134382,0,0,0,0,0,0,0,0,0,1,20,5,6.28648657303766
Daegu,Korea,908.02997849153,0,0,1,0,0,0,0,0,0,0,20,5,5.825266062800822
A KLAGENF01,Austria,887.8321984188652,0,0,0,1,0,0,0,0,0,0,29,9,5.67176410129542
I PADOVA01,Italy,905.1362275259796,0,0,0,1,0,0,0,0,0,0,25,7,6.979844137767513
S LULEA01,Sweden,829.966198243807,1,0,0,0,0,0,0,0,0,0,26,6,7.998353838771739
D ERLANGE01,Germany,846.5134774598541,0,0,0,0,0,0,0,1,0,0,28,9,7.963684100314602
D ERLANGE01,Germany,950.7773703775433,0,0,0,0,0,0,0,0,0,1,20,7,6.148923855069393
F LILLE01,France,604.6419015593881,0,0,0,0,0,0,0,0,0,1,29,9,8.045327907909014
PL KRAKOW02,Poland,385.2780945063561,0,0,1,0,0,0,0,0,0,0,16,6,7.419672111033334
E BARCELO01,Spain,824.8280468820735,0,0,0,0,1,0,0,0,0,0,21,6,5.842580869562979
HKG BAPT,HongKong,1348.7654526640576,0,1,0,0,0,0,0,0,0,0,16,5,7.8002413850833285
E BARCELO01,Spain,831.3154527328887,0,0,0,1,0,0,0,0,0,0,15,6,7.5579691708994154
TR ANKARA04,Turkey,503.70207307403234,1,0,0,0,0,0,0,0,0,0,22,9,7.63761793484074
D TUBINGE01,Germany,905.617216055569,0,0,0,0,0,1,0,0,0,0,23,5,6.683908867328341
S LULEA01,Sweden,817.4909818259197,0,0,0,0,1,0,0,0,0,0,19,7,8.474361274224004
B LEUVEN01,Belgium,425.0089885494479,0,0,0,0,0,0,0,0,0,1,17,8,5.9546846188471605
CZ PRAHA07,Czech,421.74314759064737,0,0,0,0,0,0,0,0,0,1,26,6,5.983401815256929
S MALMO01,Sweden,892.2385066460489,0,0,0,0,0,0,0,0,0,1,26,9,7.112023369903063
E VALENCI02,Spain,813.0079084694045,0,0,0,0,0,1,0,0,0,0,15,7,7.5998048205126905
S MALMO01,Sweden,901.9741330475107,0,0,0,0,0,1,0,0,0,0,15,7,5.8802080897517435
CZ PRAHA07,Czech,423.21335791511035,0,0,1,0,0,0,0,0,0,0,27,6,6.570171094973036
E VALENCI02,Spain,810.1474968193914,0,0,0,0,0,0,0,0,1,0,16,7,6.241102260770528
F LILLE01,France,639.8730250868542,0,0,0,0,0,0,0,0,1,0,21,8,6.753361725961182
CZ PRAHA10,Czech,383.666458546678,0,0,0,0,0,0,0,1,0,0,23,7,5.967227185954529
IRL CORK01,Ireland,1054.5822811442217,0,0,0,0,1,0,0,0,0,0,24,7,6.74801943595535
IS REYKJAV05,Iceland,1435.7475510636884,0,0,0,0,0,0,0,1,0,0,22,5,7.176759521932114
CZ PRAHA07,Czech,390.89258929605273,1,0,0,0,0,0,0,0,0,0,20,5,5.825250729883051
D TUBINGE01,Germany,972.6765689128994,0,0,0,0,0,0,0,0,1,0,21,9,6.543011021424507
D ERLANGE01,Germany,939.7921709941666,0,0,0,0,1,0,0,0,0,0,20,5,5.798313731134014
EE TALLINN04,Estonia,412.5776962030466,0,0,0,0,1,0,0,0,0,0,29,7,6.342788819687797
TR ANKARA04,Turkey,503.51867612911803,0,0,0,0,0,0,1,0,0,0,15,9,7.67768655056408
LT KAUNAS02,Lithuania,287.69334924964147,0,0,0,0,0,1,0,0,0,0,15,5,7.047246823592762
CZ BRNO05,Czech,413.6034980222114,0,0,0,0,0,0,0,0,1,0,21,9,6.508788848818315
I BARI05,Italy,826.3104105923333,0,0,0,1,0,0,0,0,0,0,28,5,6.005843121767707
CZ BRNO05,Czech,408.9235500668488,0,0,0,0,1,0,0,0,0,0,23,6,6.048472195999069
E VALENCI02,Spain,841.3016096505482,0,0,0,0,0,0,0,1,0,0,20,5,5.988887298580578
PL KRAKOW02,Poland,430.6620011427049,0,0,0,0,0,1,0,0,0,0,26,8,6.143804874752683
CZ PRAHA10,Czech,388.89116130980597,0,0,0,0,0,0,0,0,0,1,26,6,6.062232506790315
D DARMSTA02,Germany,887.2156690681938,1,0,0,0,0,0,0,0,0,0,27,5,7.156455810566832
CZ PRAHA10,Czech,441.8285191567085,1,0,0,0,0,0,0,0,0,0,18,6,6.101743485493693
S VASTERA01,Sweden,934.8599482262127,0,0,1,0,0,0,0,0,0,0,22,8,3.966501860459326
Daegu,Korea,945.460597625465,1,0,0,0,0,0,0,0,0,0,21,9,7.932382668128163
D ERLANGE01,Germany,877.202813382746,0,1,0,0,0,0,0,0,0,0,25,9,6.8737134907101245
PL KRAKOW02,Poland,455.7491592692578,1,0,0,0,0,0,0,0,0,0,20,7,7.5259119489966375
A KLAGENF01,Austria,849.4179041042415,1,0,0,0,0,0,0,0,0,0,21,8,8.727126629348007
NL NIJMEGE01,Netherlands,888.2660724700067,0,0,0,1,0,0,0,0,0,0,17,9,6.167736422994505
S MALMO01,Sweden,958.214403579639,0,0,0,0,0,0,0,1,0,0,27,5,6.051019697623902
SF OULU11,Finland,865.6341360573365,0,0,0,0,0,0,1,0,0,0,28,6,7.662450901403551
F PARIS001,France,617.3825876270214,0,0,0,0,0,0,0,0,1,0,17,9,6.901654405690002
S LULEA01,Sweden,844.082780032983,0,0,0,0,0,0,0,0,1,0,28,5,6.4428336306446905
NL NIJMEGE01,Netherlands,1014.9851294530638,0,0,0,0,1,0,0,0,0,0,20,8,7.262509660727335
IRL DUBLIN27,Ireland,1088.9440861936105,0,1,0,0,0,0,0,0,0,0,24,6,6.076295276157917
S LULEA01,Sweden,957.8746976521143,1,0,0,0,0,0,0,0,0,0,18,8,7.641422427001669
S VASTERA01,Sweden,860.1119009598457,0,0,0,0,0,0,0,0,1,0,15,9,7.262580558822552
D KARLSRU01,Germany,958.9966911164249,0,0,0,1,0,0,0,0,0,0,16,5,6.110644286036109
LT KAUNAS02,Lithuania,331.955006225885,0,0,0,0,0,0,0,0,0,1,25,5,5.467249599671864
TR ANKARA04,Turkey,467.1537930571658,0,0,0,0,0,1,0,0,0,0,21,9,9.103095468284389
B LEUVEN01,Belgium,403.29354331246475,0,0,1,0,0,0,0,0,0,0,29,9,8.874191762219038
S VASTERA01,Sweden,907.7136620061173,0,0,1,0,0,0,0,0,0,0,15,9,6.869851133477385
D BERLIN02,Germany,947.3543422962609,0,0,0,0,0,0,0,1,0,0,24,9,4.229986737769
SF OULU11,Finland,876.168739673758,0,1,0,0,0,0,0,0,0,0,28,9,6.508978476719816
A GRAZ02,Austria,859.0323235415477,0,0,0,0,0,0,0,0,1,0,24,6,5.8440259680974345
E BARCELO01,Spain,885.6578734332696,0,0,0,0,0,1,0,0,0,0,16,8,6.967723301473417
IRL DUBLIN27,Ireland,977.4145514098361,0,0,0,0,0,0,0,1,0,0,21,8,7.983035976045137
D MUNCHEN01,Germany,938.0160497098564,0,0,1,0,0,0,0,0,0,0,28,5,6.9042471315094645
D ERLANGE01,Germany,833.5217765579503,0,1,0,0,0,0,0,0,0,0,29,6,7.070227512345989
D TUBINGE01,Germany,838.6841436481762,0,0,1,0,0,0,0,0,0,0,25,5,6.966001240823716
IRL CORK01,Ireland,1013.950148691934,0,0,0,0,0,0,0,1,0,0,23,7,6.87198334700161
E VALENCI02,Spain,809.2949165179591,0,0,0,0,0,0,0,0,0,1,26,7,7.054072862507099
I BARI05,Italy,795.0835369299541,1,0,0,0,0,0,0,0,0,0,15,7,7.802981105729804
I ROMA01,Italy,872.7264643251337,0,0,0,0,1,0,0,0,0,0,29,9,6.49121805449034
D MUNCHEN01,Germany,816.9704622680302,0,0,0,0,0,0,0,1,0,0,23,9,8.478142256649033
CZ PRAHA07,Czech,388.2160485129411,0,0,0,0,0,1,0,0,0,0,25,6,5.4749939080921255
B LEUVEN01,Belgium,418.7461834551191,0,0,0,1,0,0,0,0,0,0,23,8,7.515763138866343
NL NIJMEGE01,Netherlands,1012.8239483704945,0,0,1,0,0,0,0,0,0,0,21,9,6.94718745920606
IS REYKJAV05,Iceland,1663.4290618233733,1,0,0,0,0,0,0,0,0,0,21,6,6.361916807467063
F PARIS001,France,658.4830819221769,0,0,0,1,0,0,0,0,0,0,28,9,5.3113800180961315
F PARIS001,France,671.2014905520393,0,0,0,0,0,0,0,0,0,1,23,9,7.7013028036947
HKG BAPT,HongKong,1239.9026960797016,0,0,0,0,0,0,0,1,0,0,27,6,6.477014397703749
S MALMO01,Sweden,883.6550170482363,0,0,0,0,0,0,0,1,0,0,23,9,6.298517284705487
F PARIS001,France,591.9356127875606,0,0,0,0,0,0,0,1,0,0,16,7,5.726914830125442
E BARCELO01,Spain,775.5302052920537,0,0,0,1,0,0,0,0,0,0,22,6,7.112855293119072
E VALENCI02,Spain,890.6329324690433,0,0,0,0,0,1,0,0,0,0,29,7,6.139696336186458
I PADOVA01,Italy,806.2124364611052,0,0,1,0,0,0,0,0,0,0,21,6,5.1695614225292035
P COIMBRA01,Portugal,693.7363828566343,0,0,0,0,0,1,0,0,0,0,17,7,7.685780493426128
P COIMBRA01,Portugal,730.6219236710733,0,0,0,0,0,1,0,0,0,0,22,9,9.330249995760626
P COIMBRA01,Portugal,659.8912233007145,0,0,0,0,0,0,0,0,0,1,27,7,6.8299148632761675
F PARIS001,France,598.7075155182347,0,0,0,0,0,0,0,0,0,1,16,7,7.065938535236514
SF OULU11,Finland,873.7141330723057,0,0,0,0,0,0,0,1,0,0,15,7,8.585240613816662
IS REYKJAV05,Iceland,1685.7476342195546,0,0,0,0,0,0,0,0,1,0,24,5,6.442438936568188
SF OULU11,Finland,885.5474135365951,0,0,0,0,0,0,0,0,0,1,26,5,5.567695203986939
CZ BRNO05,Czech,411.6495597534668,0,0,0,0,1,0,0,0,0,0,27,6,7.173834555757404
S VASTERA01,Sweden,852.3458759138726,0,1,0,0,0,0,0,0,0,0,28,6,5.721245932325999
D TUBINGE01,Germany,975.2999217225083,0,0,0,0,0,1,0,0,0,0,17,8,7.329792421664595
D DARMSTA02,Germany,904.8616047607497,1,0,0,0,0,0,0,0,0,0,29,5,7.5067402797622655
E VALENCI02,Spain,765.7155851156755,0,0,0,0,0,0,1,0,0,0,27,5,6.515728701619492
SF OULU11,Finland,913.0888638679105,0,0,0,0,0,0,0,0,1,0,26,7,7.07433119740449
F PARIS001,France,673.3813955305691,0,0,0,1,0,0,0,0,0,0,20,8,6.486712026582218
TR ANKARA04,Turkey,468.0746526551665,0,0,0,0,1,0,0,0,0,0,16,9,8.038768545502005
D TUBINGE01,Germany,813.8368188958158,0,1,0,0,0,0,0,0,0,0,23,8,7.137906401709808
CZ PRAHA07,Czech,396.22864152341094,0,0,0,0,0,0,0,0,0,1,20,7,7.1520062139214415
SF OULU11,Finland,775.2995993805681,0,0,0,0,0,1,0,0,0,0,28,9,7.8098336081578426
IRL CORK01,Ireland,1015.3903447710503,0,0,0,1,0,0,0,0,0,0,16,8,8.387243662884455
D TUBINGE01,Germany,956.8075470179641,1,0,0,0,0,0,0,0,0,0,28,5,5.755890520881884
A GRAZ02,Austria,807.4860425205484,0,0,0,0,0,1,0,0,0,0,21,5,6.194821914344442
D MUNCHEN01,Germany,898.1633802040467,0,0,0,0,0,0,0,1,0,0,15,6,7.027822024126041
A KLAGENF01,Austria,848.7663532809571,0,0,0,0,0,1,0,0,0,0,18,8,8.792667931900334
F LILLE01,France,666.8503448121548,0,0,0,0,1,0,0,0,0,0,25,7,4.244944244661217
CZ PRAHA07,Czech,437.2719521003096,0,0,0,0,0,0,1,0,0,0,18,9,7.740289969127145
D TUBINGE01,Germany,857.832149688811,0,0,0,0,0,0,0,0,1,0,22,5,7.026340990975908
NL NIJMEGE01,Netherlands,942.1590865788676,1,0,0,0,0,0,0,0,0,0,21,9,5.71249029361097
D ERLANGE01,Germany,836.3579931644056,0,0,0,1,0,0,0,0,0,0,24,6,6.869222816241161
CZ PRAHA10,Czech,452.29428606153925,0,0,0,0,0,0,0,0,1,0,26,8,6.357850056101779
HKG BAPT,HongKong,1203.7708507296604,0,0,0,0,0,1,0,0,0,0,16,9,6.343734674690662
TR ANKARA04,Turkey,506.04716884774393,0,0,0,0,0,0,0,0,1,0,16,5,5.473338248779626
Daegu,Korea,999.4106031338957,0,0,0,1,0,0,0,0,0,0,17,5,6.443327511170285
TR ANKARA04,Turkey,478.62398472477753,0,0,0,1,0,0,0,0,0,0,20,9,9.875979616954027
S LULEA01,Sweden,944.1216311778084,0,0,0,0,0,0,0,0,1,0,28,5,5.112210950023678
CZ PRAHA10,Czech,390.1714427540238,0,1,0,0,0,0,0,0,0,0,24,8,8.018269062172646
I PADOVA01,Italy,892.4950915272289,0,1,0,0,0,0,0,0,0,0,26,9,5.996359746095192
D DARMSTA02,Germany,957.9306339506137,0,0,0,0,0,0,0,1,0,0,16,8,8.756633271720482
I ROMA01,Italy,898.6114785690867,0,0,0,0,0,0,0,0,0,1,18,7,5.9562162343189735
S MALMO01,Sweden,881.9557874252729,0,0,0,0,0,0,0,0,0,1,18,5,8.111540006743288
TR ANKARA04,Turkey,471.6433326270193,0,0,0,0,0,0,0,1,0,0,15,6,6.61435143710449
F PARIS001,France,638.0215876034443,0,0,0,0,1,0,0,0,0,0,17,6,5.021776260347947
I BARI05,Italy,913.2223576621935,0,0,0,0,0,1,0,0,0,0,21,7,7.438995803281456
NL NIJMEGE01,Netherlands,921.7689955433359,0,1,0,0,0,0,0,0,0,0,21,6,7.582421993298061
S LULEA01,Sweden,905.7317367457435,0,1,0,0,0,0,0,0,0,0,23,8,6.26111399686178
D MUNCHEN01,Germany,819.638493844626,0,0,0,0,0,0,0,0,1,0,17,6,6.9457042341449835
PL KRAKOW02,Poland,383.35692061474947,0,0,1,0,0,0,0,0,0,0,21,5,5.637377433173692
HKG BAPT,HongKong,1364.792402535481,0,0,0,0,0,0,0,0,0,1,18,5,5.949997566575766
D TUBINGE01,Germany,952.4309131614924,0,1,0,0,0,0,0,0,0,0,16,5,6.393577630389692
I PADOVA01,Italy,886.3558360545464,0,0,0,0,0,1,0,0,0,0,17,6,7.265439868354303
IS REYKJAV05,Iceland,1635.857330945169,0,0,0,0,1,0,0,0,0,0,18,5,6.176215937289073
PL KRAKOW02,Poland,459.18892257933953,0,0,0,0,1,0,0,0,0,0,22,8,5.06932962488391
D KARLSRU01,Germany,856.8388098074338,1,0,0,0,0,0,0,0,0,0,25,9,6.784964561806474
S VASTERA01,Sweden,905.4297751569319,1,0,0,0,0,0,0,0,0,0,15,5,5.730338052546117
I BARI05,Italy,821.5776128714856,0,0,0,0,0,0,1,0,0,0,29,9,7.878745128297974
D ERLANGE01,Germany,839.1021293065232,0,0,0,0,0,1,0,0,0,0,26,6,6.910582117012428
Daegu,Korea,1028.791738516647,0,0,1,0,0,0,0,0,0,0,28,6,7.8460281161120085
A GRAZ02,Austria,799.0916235953256,0,0,0,0,0,0,0,0,0,1,17,9,9.493239868851358
CZ PRAHA07,Czech,433.39053285332017,1,0,0,0,0,0,0,0,0,0,26,8,6.674029767744143
A GRAZ02,Austria,786.0622570248355,0,0,0,1,0,0,0,0,0,0,19,9,7.762295664094415
EE TALLINN04,Estonia,422.53886672884465,0,0,0,1,0,0,0,0,0,0,21,8,7.396198290865643
B LEUVEN01,Belgium,417.08202727973037,0,0,1,0,0,0,0,0,0,0,25,8,5.628445234579892
E BARCELO01,Spain,867.608020050483,0,0,0,0,0,0,0,1,0,0,29,6,5.481601692744658
NL NIJMEGE01,Netherlands,999.5710364936165,0,0,0,1,0,0,0,0,0,0,15,5,4.691787799681834
D MUNCHEN01,Germany,891.6027543377436,0,0,0,0,0,0,1,0,0,0,27,8,6.385112058855141
PL KRAKOW02,Poland,417.35529931236596,0,0,0,0,0,0,0,1,0,0,28,6,5.958853033022006
IRL CORK01,Ireland,1136.834921735783,0,0,0,0,0,0,0,1,0,0,20,8,8.009745798224062
D ERLANGE01,Germany,943.6575824637698,0,0,0,0,0,0,0,0,0,1,27,7,7.389426731355054
LT KAUNAS02,Lithuania,289.0905305199483,0,0,0,0,0,0,1,0,0,0,15,9,5.482238234705127
TR ANKARA04,Turkey,447.13808899342325,0,1,0,0,0,0,0,0,0,0,20,8,5.777573836309788
P COIMBRA01,Portugal,678.8873567987794,0,0,0,0,0,0,0,0,1,0,29,7,6.1289959968551555
D BERLIN02,Germany,934.1122069528253,0,0,0,1,0,0,0,0,0,0,21,8,8.352722900231301
A KLAGENF01,Austria,762.9179814360897,0,0,0,0,0,0,0,0,1,0,21,6,5.77717243932444
D TUBINGE01,Germany,870.642239076055,0,0,0,0,0,0,0,0,0,1,23,9,8.510779260889151
S MALMO01,Sweden,961.1528226008019,0,0,0,0,0,0,1,0,0,0,22,6,7.092928146475758
P COIMBRA01,Portugal,697.753987248032,0,1,0,0,0,0,0,0,0,0,28,8,5.965721803361118
S VASTERA01,Sweden,965.7590289964195,0,0,0,0,0,0,0,0,1,0,28,9,7.6382716898774055
CZ PRAHA07,Czech,391.39510946750744,1,0,0,0,0,0,0,0,0,0,18,7,7.719394196735761
SF OULU11,Finland,876.2979885770369,1,0,0,0,0,0,0,0,0,0,28,5,6.5244973263236385
S VASTERA01,Sweden,834.4395752503574,1,0,0,0,0,0,0,0,0,0,28,5,4.770880073377728
D MUNCHEN01,Germany,848.1235429823749,0,0,0,0,0,0,0,0,1,0,20,9,7.003215600646012
CZ PRAHA10,Czech,434.84598510656565,0,0,0,0,1,0,0,0,0,0,19,7,7.497387678155537
IRL DUBLIN27,Ireland,996.8928685732049,0,0,0,0,0,0,0,0,1,0,18,5,5.875302163149442
CZ PRAHA10,Czech,448.3034886079187,0,0,0,0,0,0,0,0,1,0,17,6,6.091522892761867
IRL DUBLIN27,Ireland,971.4450796968279,1,0,0,0,0,0,0,0,0,0,22,9,8.623055862665245
EE TALLINN04,Estonia,435.5780583751389,0,0,0,0,1,0,0,0,0,0,26,8,6.762536439921645
SF OULU11,Finland,826.2072415354063,0,0,0,0,0,0,0,0,0,1,25,8,6.243210564107865
IRL DUBLIN27,Ireland,1129.5181930128217,1,0,0,0,0,0,0,0,0,0,20,9,7.182182045598388
S LULEA01,Sweden,943.6594351339725,0,0,0,0,0,1,0,0,0,0,21,9,9.163916587416221
D TUBINGE01,Germany,933.5475808750847,0,0,0,0,0,0,0,0,0,1,29,5,6.276643929585451
D BERLIN02,Germany,897.9295348441237,0,1,0,0,0,0,0,0,0,0,15,9,8.490735320093467
IS REYKJAV05,Iceland,1525.1806722280514,0,0,0,0,1,0,0,0,0,0,24,8,7.013855137673805
S LULEA01,Sweden,851.154891014097,0,0,0,0,0,0,0,1,0,0,23,7,6.65216792334603
A KLAGENF01,Austria,865.8017152167355,1,0,0,0,0,0,0,0,0,0,19,7,4.75987929536903
P COIMBRA01,Portugal,672.1727549218706,0,0,1,0,0,0,0,0,0,0,25,7,7.129899394943201
PL KRAKOW02,Poland,436.43651651429843,0,1,0,0,0,0,0,0,0,0,26,7,7.75018149061316
B LEUVEN01,Belgium,454.65743962714333,1,0,0,0,0,0,0,0,0,0,22,9,7.08587412296216
S VASTERA01,Sweden,829.2384010692876,0,0,0,0,0,0,1,0,0,0,23,8,6.655590184060437
IRL CORK01,Ireland,975.4411543376583,0,0,0,0,1,0,0,0,0,0,19,5,5.729921007609254
D ERLANGE01,Germany,936.8134285005613,0,0,1,0,0,0,0,0,0,0,28,9,7.996058022443979
CZ PRAHA07,Czech,396.4599777373423,0,0,0,0,0,0,0,0,1,0,21,5,6.651175091339953
S VASTERA01,Sweden,871.4671853832232,0,0,0,0,1,0,0,0,0,0,15,8,7.489488288200274
IRL CORK01,Ireland,1149.294367318,0,0,0,0,0,1,0,0,0,0,23,6,6.347978366990332
D DARMSTA02,Germany,889.450064513575,0,0,0,0,1,0,0,0,0,0,19,7,7.890268245408612
EE TALLINN04,Estonia,402.81304579700605,0,1,0,0,0,0,0,0,0,0,28,8,6.69835550660601
IS REYKJAV05,Iceland,1547.823659135151,1,0,0,0,0,0,0,0,0,0,18,7,6.583827939555561
A GRAZ02,Austria,873.3474889803008,0,0,1,0,0,0,0,0,0,0,28,7,7.349693604785132
F LILLE01,France,636.8606188013631,0,0,0,1,0,0,0,0,0,0,17,9,7.287305881667021
IRL DUBLIN27,Ireland,1081.9554653677112,0,1,0,0,0,0,0,0,0,0,15,8,5.666599090550805
IRL CORK01,Ireland,1092.4657982955002,0,0,0,0,0,1,0,0,0,0,22,7,6.847805609539259
I BARI05,Italy,863.1905647963057,0,0,0,0,0,0,0,1,0,0,25,7,5.8414920421609775
D KARLSRU01,Germany,903.2011367598789,0,0,1,0,0,0,0,0,0,0,16,6,5.8950416978958575
I ROMA01,Italy,906.4978452278974,0,0,0,0,0,1,0,0,0,0,27,9,7.0579640855680035
S LULEA01,Sweden,836.0180110420187,0,0,0,0,0,0,0,1,0,0,23,9,5.892354837298299
I BARI05,Italy,902.1684734529698,0,0,1,0,0,0,0,0,0,0,22,7,6.714526086663543
E VALENCI02,Spain,794.4400998046025,0,0,0,0,0,0,0,0,1,0,18,7,7.695420239732742
S VASTERA01,Sweden,922.361214872259,0,1,0,0,0,0,0,0,0,0,27,6,7.872691158145734
IRL DUBLIN27,Ireland,1081.9017815766201,0,0,0,0,0,0,0,0,0,1,28,9,8.245365729807999
TR ANKARA04,Turkey,511.8535748778568,0,0,0,1,0,0,0,0,0,0,27,5,6.397775619973924
A GRAZ02,Austria,860.1913941383866,0,0,0,0,0,0,1,0,0,0,26,6,4.3373139868747135
I ROMA01,Italy,897.2757028120855,0,0,0,0,1,0,0,0,0,0,24,6,6.946518806356377
F PARIS001,France,584.0011869963587,0,1,0,0,0,0,0,0,0,0,20,7,7.33660665475642
S LULEA01,Sweden,812.751729455906,0,0,0,0,0,0,1,0,0,0,28,8,7.90264767281443
A KLAGENF01,Austria,895.2737768750181,0,0,0,0,1,0,0,0,0,0,24,7,5.477898888241294
D TUBINGE01,Germany,889.8637708801518,0,0,0,1,0,0,0,0,0,0,19,5,6.560641440824469
I PADOVA01,Italy,843.3388923309014,0,0,1,0,0,0,0,0,0,0,27,5,5.2131168553542295
IRL DUBLIN27,Ireland,1034.7111061890264,0,0,0,0,0,0,1,0,0,0,23,6,5.399515510712574
D ERLANGE01,Germany,867.8212910854485,0,0,1,0,0,0,0,0,0,0,28,6,7.270803504629188
I PADOVA01,Italy,861.9564967117899,0,0,0,0,0,0,0,1,0,0,28,7,7.09231251732639
S MALMO01,Sweden,966.3484320350074,0,0,0,0,0,0,0,1,0,0,17,8,4.91466719473564
D MUNCHEN01,Germany,968.4262632597915,0,0,0,0,0,0,0,1,0,0,21,9,7.1536575765066726
F LILLE01,France,571.9073398438799,0,0,0,0,0,0,1,0,0,0,27,7,6.423954745079492
TR ANKARA04,Turkey,451.90863592917236,0,0,1,0,0,0,0,0,0,0,21,9,5.747413675684283
Daegu,Korea,940.1410454139512,0,0,0,1,0,0,0,0,0,0,24,5,5.853252206151749
NL NIJMEGE01,Netherlands,938.3009357389893,0,0,0,1,0,0,0,0,0,0,24,5,7.063949503573099
CZ PRAHA07,Czech,446.5309007613688,0,0,1,0,0,0,0,0,0,0,28,6,7.046958459738007
D TUBINGE01,Germany,808.9683184401586,0,0,0,0,0,0,0,0,0,1,21,8,7.560955797627579
S MALMO01,Sweden,843.3601731050546,0,0,0,0,1,0,0,0,0,0,25,9,7.245076439029904
IRL CORK01,Ireland,1098.197349624874,0,0,0,0,0,0,1,0,0,0,28,9,8.931253525477452
IS REYKJAV05,Iceland,1624.4596611230006,0,0,0,1,0,0,0,0,0,0,24,7,6.420314406311159
E BARCELO01,Spain,850.9291360854427,0,0,1,0,0,0,0,0,0,0,27,8,5.731913378801808
TR ANKARA04,Turkey,452.8104578561689,0,0,0,1,0,0,0,0,0,0,25,9,5.3884038508800804
I BARI05,Italy,857.3535708097878,0,0,0,0,1,0,0,0,0,0,25,5,6.265524056550036
E BARCELO01,Spain,782.3806109839445,0,0,0,0,0,1,0,0,0,0,22,6,5.560286610676257
E BARCELO01,Spain,832.9245142911652,0,0,0,0,0,0,0,0,0,1,29,6,6.614368122957171
I ROMA01,Italy,914.3112383950131,0,0,0,0,0,0,0,1,0,0,19,6,7.893483472236829
D DARMSTA02,Germany,920.6546584220337,0,0,0,0,0,0,0,1,0,0,17,9,9.118601741552954
S MALMO01,Sweden,942.7218298868141,0,0,0,1,0,0,0,0,0,0,23,7,5.007103415056477
B LEUVEN01,Belgium,394.04668633378606,0,0,0,0,0,0,0,1,0,0,15,5,6.701408223536087
D TUBINGE01,Germany,920.7852049172166,0,0,0,0,0,0,0,0,1,0,16,7,7.92148639889297
D TUBINGE01,Germany,951.2651841706977,0,0,1,0,0,0,0,0,0,0,24,6,8.040441102482834
F PARIS001,France,573.1999546808186,0,0,0,0,0,1,0,0,0,0,18,8,8.20408397572767
NL NIJMEGE01,Netherlands,944.7617451022578,0,1,0,0,0,0,0,0,0,0,24,8,7.165053944139834
CZ BRNO05,Czech,447.6977633782657,0,0,1,0,0,0,0,0,0,0,16,9,7.691349769778887
CZ PRAHA10,Czech,445.4904665049075,0,1,0,0,0,0,0,0,0,0,28,8,5.782180388993459
I ROMA01,Italy,855.515309250202,0,0,0,0,0,0,0,1,0,0,21,7,8.00561065997616
E BARCELO01,Spain,779.0703526818002,0,0,0,0,0,1,0,0,0,0,28,9,6.122992262345161
I BARI05,Italy,781.4497679051615,0,0,0,0,0,0,0,0,1,0,22,8,5.969328650297483
CZ PRAHA10,Czech,446.6144282744175,0,0,0,0,1,0,0,0,0,0,25,9,9.28360904213371
NL NIJMEGE01,Netherlands,1021.3313050658526,0,0,0,1,0,0,0,0,0,0,17,8,7.287262141980515
A KLAGENF01,Austria,777.9675723048658,0,0,0,0,0,0,0,0,0,1,22,5,4.471569760919281
D BERLIN02,Germany,964.63810753003,0,0,0,0,0,0,0,1,0,0,24,7,7.674395561690912
S VASTERA01,Sweden,854.6625029883618,0,0,0,1,0,0,0,0,0,0,19,5,6.178745052981936
I ROMA01,Italy,786.8752979415335,0,0,0,0,0,0,0,1,0,0,25,6,6.694873611765306
E BARCELO01,Spain,872.3155641417135,0,0,0,0,0,0,1,0,0,0,27,6,6.813876462404048
B LEUVEN01,Belgium,414.73343128590705,1,0,0,0,0,0,0,0,0,0,27,8,9.971173221402703
CZ PRAHA07,Czech,406.4122361174057,0,0,0,0,0,1,0,0,0,0,24,8,4.317962934897047
SF OULU11,Finland,815.9810841487194,0,0,0,0,0,0,0,1,0,0,27,5,6.900821641337222
S VASTERA01,Sweden,861.1739642165498,0,1,0,0,0,0,0,0,0,0,15,9,4.629272728864954
F LILLE01,France,623.8072926276901,0,0,0,0,0,1,0,0,0,0,21,7,7.005198024573799
CZ PRAHA10,Czech,395.04054436820076,1,0,0,0,0,0,0,0,0,0,20,7,6.411826388929074
S VASTERA01,Sweden,947.8982981134486,0,0,0,0,0,0,0,1,0,0,24,9,6.236030067152832
CZ PRAHA07,Czech,450.096677047866,0,0,0,0,0,0,0,0,1,0,29,9,8.322582723297014
E VALENCI02,Spain,792.18601911137,0,0,0,0,0,1,0,0,0,0,18,5,5.959481807875451
PL KRAKOW02,Poland,394.47949472316657,0,0,0,0,0,1,0,0,0,0,16,8,6.492484337560201
PL KRAKOW02,Poland,431.5067122795729,0,0,0,0,0,0,0,1,0,0,16,8,7.548759983591056
D DARMSTA02,Germany,908.2804629266655,1,0,0,0,0,0,0,0,0,0,15,5,5.71658959391418
TR ANKARA04,Turkey,512.176143449407,0,0,0,0,0,0,0,0,0,1,15,8,7.615139884878539
D BERLIN02,Germany,941.9148982413499,0,0,0,0,0,0,0,0,0,1,22,8,7.200064808479247
E VALENCI02,Spain,860.887206919572,0,0,0,0,0,0,0,0,1,0,16,8,4.615067841024514
SF OULU11,Finland,783.0475850644667,1,0,0,0,0,0,0,0,0,0,20,6,7.671348914036125
D TUBINGE01,Germany,927.990228059242,0,0,1,0,0,0,0,0,0,0,16,5,5.764446997215135
E BARCELO01,Spain,908.2963419377705,0,0,0,0,0,0,0,0,1,0,15,6,5.898928653329167
HKG BAPT,HongKong,1223.071306611506,0,0,0,0,0,0,0,1,0,0,17,5,5.498627414117936
A KLAGENF01,Austria,784.9189895171419,0,0,1,0,0,0,0,0,0,0,17,8,6.704420385851438
D KARLSRU01,Germany,931.3770348130392,0,0,0,1,0,0,0,0,0,0,22,8,5.2350046389465925
PL KRAKOW02,Poland,445.92051940631717,1,0,0,0,0,0,0,0,0,0,28,7,6.991117444519269
Daegu,Korea,886.2283313205792,0,1,0,0,0,0,0,0,0,0,26,6,7.202773665858554
CZ PRAHA07,Czech,386.9310591453143,0,0,0,0,0,0,1,0,0,0,22,6,6.010531986387727
S VASTERA01,Sweden,883.9224941657733,0,0,1,0,0,0,0,0,0,0,28,8,6.644188089686047
PL KRAKOW02,Poland,455.89832905562093,0,0,0,0,0,0,0,0,0,1,25,5,6.392324395308258
D MUNCHEN01,Germany,926.9605501854868,0,0,0,1,0,0,0,0,0,0,18,8,5.072312786153028
B LEUVEN01,Belgium,398.3575296289456,0,0,0,1,0,0,0,0,0,0,15,8,6.854373528715335
A KLAGENF01,Austria,874.0979024118021,0,0,1,0,0,0,0,0,0,0,26,6,5.5087104164419
B LEUVEN01,Belgium,431.61524460664435,0,0,0,0,0,1,0,0,0,0,16,7,5.976475881679102
I ROMA01,Italy,768.5055532435252,1,0,0,0,0,0,0,0,0,0,23,5,6.976430587762985
A KLAGENF01,Austria,877.4853941697686,0,0,0,1,0,0,0,0,0,0,25,5,6.529557375069546
LT KAUNAS02,Lithuania,323.6860605474295,0,0,0,0,0,0,0,0,1,0,15,5,6.984001705487017
SF OULU11,Finland,766.3120918010059,0,0,0,0,0,0,1,0,0,0,26,5,7.402747160751749
IRL CORK01,Ireland,1130.7340561241363,0,1,0,0,0,0,0,0,0,0,20,5,7.306358113360831
D MUNCHEN01,Germany,817.2743726031805,0,0,0,0,0,1,0,0,0,0,24,7,5.458465644079336
LT KAUNAS02,Lithuania,310.45824141396827,0,0,0,0,0,0,0,1,0,0,25,6,7.001714130886137
B LEUVEN01,Belgium,385.8904270072622,0,0,0,1,0,0,0,0,0,0,15,5,7.676258407916432
I PADOVA01,Italy,917.8495925504926,0,0,0,1,0,0,0,0,0,0,22,7,5.634629029115898
D TUBINGE01,Germany,820.7607052981236,0,0,0,0,0,0,0,0,1,0,24,7,8.544708707992346
CZ BRNO05,Czech,444.69025311069134,0,0,0,0,0,0,0,0,0,1,29,9,9.735986370526986
TR ANKARA04,Turkey,464.5547522366447,0,1,0,0,0,0,0,0,0,0,19,8,6.5080938988584
PL KRAKOW02,Poland,424.4726538889571,0,0,0,0,0,0,1,0,0,0,17,8,6.95220394201537
I BARI05,Italy,763.6947665288118,0,0,0,0,0,0,0,1,0,0,19,9,6.975708494431337
CZ PRAHA10,Czech,409.50147801522985,1,0,0,0,0,0,0,0,0,0,28,9,6.071544683298633
D MUNCHEN01,Germany,828.8444574054272,0,0,0,0,1,0,0,0,0,0,23,6,7.11739959601389
I ROMA01,Italy,881.054671929838,0,0,0,0,1,0,0,0,0,0,27,9,7.5009279302418275
CZ BRNO05,Czech,412.7749001194733,0,0,0,0,1,0,0,0,0,0,23,5,6.9122898823143855
PL KRAKOW02,Poland,382.34048599576516,0,0,0,0,0,1,0,0,0,0,28,7,6.674050074667137
NL NIJMEGE01,Netherlands,938.6440737338822,0,0,0,0,0,0,0,1,0,0,26,6,6.90706296974806
LT KAUNAS02,Lithuania,301.1901907514144,0,0,0,0,0,0,0,0,0,1,22,8,7.10215225969427
F LILLE01,France,621.2896994449942,0,0,0,0,0,0,1,0,0,0,21,6,7.75713703927345
I PADOVA01,Italy,780.4635564496152,0,0,0,0,0,1,0,0,0,0,17,9,7.988466803080396
A KLAGENF01,Austria,784.1219311891512,0,0,0,0,0,0,1,0,0,0,26,6,6.410629850623251
EE TALLINN04,Estonia,413.8483342978826,0,1,0,0,0,0,0,0,0,0,15,9,7.751448144346499
P COIMBRA01,Portugal,707.2210173115516,0,0,0,0,0,0,0,0,1,0,22,6,6.847060827937944
LT KAUNAS02,Lithuania,288.6596336183219,0,0,1,0,0,0,0,0,0,0,23,9,5.563043303090381
E VALENCI02,Spain,807.4330136112077,0,0,0,1,0,0,0,0,0,0,16,5,6.166335192286685
P COIMBRA01,Portugal,717.9394298227256,0,0,0,0,0,0,0,1,0,0,19,9,8.11146547335768
HKG BAPT,HongKong,1161.1446556737626,1,0,0,0,0,0,0,0,0,0,22,6,5.777864241939128
D DARMSTA02,Germany,873.2706194336967,0,0,0,0,1,0,0,0,0,0,25,8,5.856156160310457
HKG BAPT,HongKong,1234.178100142454,0,0,1,0,0,0,0,0,0,0,16,6,5.672166091984656
CZ BRNO05,Czech,427.9161837881958,0,0,0,0,0,0,1,0,0,0,21,8,9.425719255278562
D TUBINGE01,Germany,916.1315775290717,0,0,0,0,1,0,0,0,0,0,28,9,5.7338849597952555
CZ BRNO05,Czech,417.9083113118099,0,0,0,0,1,0,0,0,0,0,24,6,6.341289666069541
LT KAUNAS02,Lithuania,333.11414699920135,0,0,1,0,0,0,0,0,0,0,17,5,6.806443792413993
IRL CORK01,Ireland,1135.470115819033,0,0,0,0,0,1,0,0,0,0,21,7,6.492672560740107
F LILLE01,France,630.0262179043569,0,0,0,0,0,0,0,1,0,0,29,5,6.212412461667058
D ERLANGE01,Germany,897.7651669790072,0,0,0,0,0,0,0,0,0,1,26,8,7.487982548005587
CZ BRNO05,Czech,421.2058296134745,0,0,0,0,0,0,1,0,0,0,25,6,6.9679191306494985
S MALMO01,Sweden,975.1186454906394,0,1,0,0,0,0,0,0,0,0,16,5,4.421973665003829
Daegu,Korea,902.675123660068,0,0,1,0,0,0,0,0,0,0,16,7,7.183603351483427
Daegu,Korea,1001.6027699788064,0,0,0,0,0,0,1,0,0,0,21,8,4.922719039078698
EE TALLINN04,Estonia,389.2107349243024,0,0,1,0,0,0,0,0,0,0,27,9,7.7434319929696445
I ROMA01,Italy,847.8737387548764,0,0,0,0,0,0,0,1,0,0,23,9,7.259022593144881
IS REYKJAV05,Iceland,1578.969211383655,0,0,0,0,1,0,0,0,0,0,25,5,6.385287174215806
CZ PRAHA07,Czech,436.88717010816845,0,1,0,0,0,0,0,0,0,0,25,8,6.665656460156888
B LEUVEN01,Belgium,440.0533773278405,0,0,1,0,0,0,0,0,0,0,21,8,6.575348717122426
A GRAZ02,Austria,782.6950734684403,0,0,0,1,0,0,0,0,0,0,25,5,6.786050435071554
IRL DUBLIN27,Ireland,1140.643171099376,0,0,0,0,0,0,0,0,1,0,26,7,6.235527293018063
TR ANKARA04,Turkey,497.02871785689535,0,0,0,0,0,1,0,0,0,0,27,5,5.888507510062739
LT KAUNAS02,Lithuania,311.314464502188,0,0,1,0,0,0,0,0,0,0,21,7,6.73269308927791
D KARLSRU01,Germany,946.2430536562368,0,0,0,0,0,0,0,0,0,1,28,7,7.1490472977559625
I BARI05,Italy,887.0381957339418,0,0,0,1,0,0,0,0,0,0,21,8,7.5617538143459475
CZ BRNO05,Czech,450.12914869625814,0,0,0,0,0,0,0,1,0,0,21,7,5.323028257804166
S VASTERA01,Sweden,815.3808320508982,0,0,0,0,0,0,0,1,0,0,25,7,7.6919090929440435
D KARLSRU01,Germany,881.5337337917548,0,0,0,0,0,0,0,0,0,1,20,5,6.472422531064835
D TUBINGE01,Germany,933.916235856409,0,0,0,0,0,0,1,0,0,0,24,5,6.49622333187014
EE TALLINN04,Estonia,426.4220859837621,0,0,0,0,0,0,0,0,1,0,26,5,6.842334242818375
F PARIS001,France,601.4018284609426,0,0,0,0,0,0,0,0,1,0,19,8,7.438594674081409
Daegu,Korea,1016.3475662235941,0,0,0,0,0,0,0,0,1,0,15,9,8.822040510130217
D MUNCHEN01,Germany,920.4349835679552,0,0,0,0,0,0,1,0,0,0,17,9,6.590169832569638
D DARMSTA02,Germany,867.2584654903649,0,0,0,0,0,0,0,0,0,1,27,8,6.903626385400838
S VASTERA01,Sweden,897.2494274054554,0,0,0,0,0,0,1,0,0,0,21,6,5.958575512641301
NL NIJMEGE01,Netherlands,873.7033112262782,0,0,0,1,0,0,0,0,0,0,28,6,9.019596741234565
D KARLSRU01,Germany,971.2381096105961,0,0,0,0,0,0,1,0,0,0,20,6,8.337687614630639
SF OULU11,Finland,803.2458309310325,0,0,0,0,0,0,0,0,0,1,16,5,6.12242291490243
S VASTERA01,Sweden,871.9256364637598,0,0,0,0,0,0,0,0,1,0,20,8,8.607247344129645
D DARMSTA02,Germany,971.5308426789613,0,0,1,0,0,0,0,0,0,0,27,9,6.9416201846545675
Daegu,Korea,1001.8584340559825,0,0,0,0,0,0,0,0,0,1,24,7,5.445640820231148
S MALMO01,Sweden,951.726720481192,0,0,0,0,0,0,0,0,0,1,29,9,5.679117837593562
CZ BRNO05,Czech,436.0303310833281,0,0,1,0,0,0,0,0,0,0,25,9,6.621399798591202
D KARLSRU01,Germany,849.4158524987504,0,0,0,0,0,0,0,0,0,1,18,6,5.422178874337025
I PADOVA01,Italy,917.664859695916,0,0,0,0,0,0,1,0,0,0,28,5,7.382627193304707
B LEUVEN01,Belgium,406.788506818382,0,1,0,0,0,0,0,0,0,0,26,6,6.7647618875
F LILLE01,France,589.5113155823075,1,0,0,0,0,0,0,0,0,0,20,9,9.588046919466695
D MUNCHEN01,Germany,946.0002193323687,0,0,0,0,0,0,0,0,1,0,28,8,5.240016706640128
D KARLSRU01,Germany,818.8462320215115,0,0,0,0,0,0,0,1,0,0,15,8,9.9469847166725
S MALMO01,Sweden,839.1107806743546,0,0,0,1,0,0,0,0,0,0,27,6,7.130541622580046
IRL DUBLIN27,Ireland,1066.2605248360233,0,0,0,1,0,0,0,0,0,0,25,7,6.767239551899819
A GRAZ02,Austria,794.8269228823644,0,0,0,0,1,0,0,0,0,0,28,5,6.721809125722192
CZ PRAHA07,Czech,393.81812170611505,0,0,0,0,0,1,0,0,0,0,19,5,4.771026443118492
I BARI05,Italy,918.0582264251523,0,0,1,0,0,0,0,0,0,0,27,7,5.937912396723026
I BARI05,Italy,905.0608318675067,0,1,0,0,0,0,0,0,0,0,17,9,8.189031533177674
S MALMO01,Sweden,834.0646471953722,0,1,0,0,0,0,0,0,0,0,21,5,6.00288076353084
IS REYKJAV05,Iceland,1440.0287939618524,0,0,0,1,0,0,0,0,0,0,19,8,8.468710279076467
E VALENCI02,Spain,785.9421070340101,0,0,0,0,0,0,0,0,1,0,25,9,7.9017033588695185
CZ PRAHA10,Czech,423.59229667002415,0,0,0,1,0,0,0,0,0,0,28,6,7.657604628787652
D BERLIN02,Germany,975.5253951042592,0,0,1,0,0,0,0,0,0,0,24,5,6.316158768145157
D TUBINGE01,Germany,826.870345222511,0,0,0,1,0,0,0,0,0,0,25,7,7.324968164592451
S MALMO01,Sweden,821.1586709629561,0,0,1,0,0,0,0,0,0,0,23,5,5.6545932779814825
TR ANKARA04,Turkey,443.35176419010253,0,0,0,0,0,0,1,0,0,0,18,5,7.277366602503027
D ERLANGE01,Germany,846.9162531037613,1,0,0,0,0,0,0,0,0,0,20,7,7.278295243747056
IS REYKJAV05,Iceland,1709.0017234960924,0,0,1,0,0,0,0,0,0,0,20,7,7.514706873777683
NL NIJMEGE01,Netherlands,921.4653217965765,0,0,0,0,0,0,0,0,0,1,29,5,7.1357762807784795
D MUNCHEN01,Germany,917.8424164137407,1,0,0,0,0,0,0,0,0,0,17,8,6.407613746463359
CZ PRAHA07,Czech,396.91210128858387,0,0,1,0,0,0,0,0,0,0,20,6,6.7315713127249115
IRL CORK01,Ireland,1024.318357433623,1,0,0,0,0,0,0,0,0,0,23,6,6.203397425738438
B LEUVEN01,Belgium,455.5943940603169,0,0,0,0,0,0,1,0,0,0,26,5,7.236113994046174
B LEUVEN01,Belgium,410.96155999510614,0,1,0,0,0,0,0,0,0,0,26,9,6.587246844899557
F PARIS001,France,626.0336570386318,0,0,0,0,0,0,1,0,0,0,20,5,5.947615391292127
CZ PRAHA10,Czech,450.31311720526946,0,1,0,0,0,0,0,0,0,0,21,7,7.24325327448519
D ERLANGE01,Germany,859.3082279600318,0,0,1,0,0,0,0,0,0,0,25,9,7.1183006004335425
D MUNCHEN01,Germany,945.456957041333,0,0,0,0,0,1,0,0,0,0,23,8,6.26170309579186
IRL CORK01,Ireland,1113.5829352383887,0,0,0,0,0,0,0,0,1,0,18,7,6.051177499074466
IRL CORK01,Ireland,1081.9762629650386,0,0,0,0,0,0,0,0,1,0,20,5,6.222685262756901
I BARI05,Italy,836.2250876156257,0,0,1,0,0,0,0,0,0,0,28,5,5.957422639354482
D ERLANGE01,Germany,871.4111427145986,0,0,0,0,1,0,0,0,0,0,19,9,5.453623020196849
CZ PRAHA07,Czech,448.8913098769943,0,0,1,0,0,0,0,0,0,0,25,5,5.744548897362479
EE TALLINN04,Estonia,425.4903471493118,0,0,0,0,0,0,1,0,0,0,22,6,6.7674066676539395
EE TALLINN04,Estonia,450.01041334292785,0,0,0,0,0,0,1,0,0,0,19,5,5.778124275343179
F PARIS001,France,576.0423700564324,0,0,0,0,0,0,1,0,0,0,25,6,5.027980460974753
PL KRAKOW02,Poland,388.6316725001913,0,0,0,0,0,0,0,0,0,1,15,8,8.035340224212597
